<?xml version="1.0"?>
<opencv_storage>
<calibration_Time>"02/28/13 12:36:42"</calibration_Time>
<nrOfFrames>1</nrOfFrames>
<image_Width>3264</image_Width>
<image_Height>2448</image_Height>
<board_Width>7</board_Width>
<board_Height>7</board_Height>
<square_Size>23.</square_Size>
<FixAspectRatio>1.</FixAspectRatio>
<!-- flags:  +fix_aspectRatio +fix_principal_point +zero_tangent_dist -->
<flagValue>14</flagValue>
<Camera_Matrix type_id="opencv-matrix">
  <rows>3</rows>
  <cols>3</cols>
  <dt>d</dt>
  <data>
    3.0677053811420878e+003 0. 1.6315000000000000e+003 0.
    3.0677053811420878e+003 1.2235000000000000e+003 0. 0. 1.</data></Camera_Matrix>
<Distortion_Coefficients type_id="opencv-matrix">
  <rows>5</rows>
  <cols>1</cols>
  <dt>d</dt>
  <data>
    8.9725092673303794e-002 3.1560407534892185e+000 0. 0.
    -3.5677538385235671e+001</data></Distortion_Coefficients>
<Avg_Reprojection_Error>2.4551812171611873e+000</Avg_Reprojection_Error>
<Per_View_Reprojection_Errors type_id="opencv-matrix">
  <rows>1</rows>
  <cols>1</cols>
  <dt>f</dt>
  <data>
    2.45518112e+000</data></Per_View_Reprojection_Errors>
<!-- a set of 6-tuples (rotation vector + translation vector) for each view -->
<Extrinsic_Parameters type_id="opencv-matrix">
  <rows>1</rows>
  <cols>6</cols>
  <dt>d</dt>
  <data>
    -2.0810379563441014e-001 1.7583120336474678e-001
    1.5478118915948915e+000 7.2776453948673222e+001
    -7.0026879515794491e+001 3.6203207089359535e+002</data></Extrinsic_Parameters>
<Image_points type_id="opencv-matrix">
  <rows>1</rows>
  <cols>49</cols>
  <dt>"2f"</dt>
  <data>
    2.25563159e+003 6.25637329e+002 2.26666919e+003 8.09933899e+002
    2.27888135e+003 9.99748840e+002 2.29155591e+003 1.19490649e+003
    2.30566382e+003 1.39516516e+003 2.32115186e+003 1.60431506e+003
    2.33784131e+003 1.82071973e+003 2.05935522e+003 6.27192566e+002
    2.06759009e+003 8.12311646e+002 2.07672656e+003 1.00229504e+003
    2.08628125e+003 1.19783496e+003 2.09620874e+003 1.39845337e+003
    2.10806348e+003 1.60732617e+003 2.12121240e+003 1.82436340e+003
    1.86333167e+003 6.28899597e+002 1.86872668e+003 8.15199402e+002
    1.87490771e+003 1.00549268e+003 1.88165771e+003 1.20044617e+003
    1.88836157e+003 1.40159546e+003 1.89645935e+003 1.61050745e+003
    1.90483350e+003 1.82829163e+003 1.66716406e+003 6.31069824e+002
    1.67021924e+003 8.16944214e+002 1.67353149e+003 1.00778912e+003
    1.67699072e+003 1.20336316e+003 1.68059448e+003 1.40450427e+003
    1.68455090e+003 1.61467517e+003 1.68864819e+003 1.83270374e+003
    1.47023535e+003 6.32796631e+002 1.47087708e+003 8.18498657e+002
    1.47107629e+003 1.01079993e+003 1.47143079e+003 1.20648035e+003
    1.47145007e+003 1.40813855e+003 1.47138306e+003 1.61919470e+003
    1.47127002e+003 1.83854248e+003 1.27055530e+003 6.32955811e+002
    1.26834460e+003 8.19232422e+002 1.26646851e+003 1.01300916e+003
    1.26270129e+003 1.20907214e+003 1.25947888e+003 1.41217834e+003
    1.25572803e+003 1.62469702e+003 1.25135889e+003 1.84447693e+003
    1.06886975e+003 6.31383423e+002 1.06381323e+003 8.18706238e+002
    1.05896423e+003 1.01422095e+003 1.05216992e+003 1.21182214e+003
    1.04537695e+003 1.41652686e+003 1.03850293e+003 1.63036951e+003
    1.03013196e+003 1.85086584e+003</data></Image_points>
</opencv_storage>
