<?xml version="1.0"?>
<opencv_storage>
<images>
images/00000000.jpg
images/00000001.jpg
images/00000002.jpg
images/00000003.jpg
images/00000004.jpg
images/00000005.jpg
images/00000006.jpg
images/00000007.jpg
images/00000008.jpg
images/00000009.jpg
images/00000010.jpg
images/00000011.jpg
images/00000012.jpg
images/00000013.jpg
images/00000014.jpg
images/00000015.jpg
images/00000016.jpg
images/00000017.jpg
images/00000018.jpg
images/00000019.jpg
images/00000020.jpg
images/00000021.jpg
images/00000022.jpg
images/00000023.jpg
images/00000024.jpg
images/00000025.jpg
images/00000026.jpg
images/00000027.jpg
images/00000028.jpg
images/00000029.jpg
images/00000030.jpg
images/00000031.jpg
images/00000032.jpg
images/00000033.jpg
images/00000034.jpg
images/00000035.jpg
images/00000036.jpg
images/00000037.jpg
images/00000038.jpg
images/00000039.jpg
images/00000040.jpg
images/00000041.jpg
images/00000042.jpg
images/00000043.jpg
images/00000044.jpg
images/00000045.jpg
images/00000046.jpg
images/00000047.jpg
images/00000048.jpg
images/00000049.jpg
images/00000050.jpg
images/00000051.jpg
images/00000052.jpg
images/00000053.jpg
images/00000054.jpg
images/00000055.jpg
images/00000056.jpg
images/00000057.jpg
images/00000058.jpg
images/00000059.jpg
images/00000060.jpg
</images>
<txt>
txt/00000000.txt
txt/00000001.txt
txt/00000002.txt
txt/00000003.txt
txt/00000004.txt
txt/00000005.txt
txt/00000006.txt
txt/00000007.txt
txt/00000008.txt
txt/00000009.txt
txt/00000010.txt
txt/00000011.txt
txt/00000012.txt
txt/00000013.txt
txt/00000014.txt
txt/00000015.txt
txt/00000016.txt
txt/00000017.txt
txt/00000018.txt
txt/00000019.txt
txt/00000020.txt
txt/00000021.txt
txt/00000022.txt
txt/00000023.txt
txt/00000024.txt
txt/00000025.txt
txt/00000026.txt
txt/00000027.txt
txt/00000028.txt
txt/00000029.txt
txt/00000030.txt
txt/00000031.txt
txt/00000032.txt
txt/00000033.txt
txt/00000034.txt
txt/00000035.txt
txt/00000036.txt
txt/00000037.txt
txt/00000038.txt
txt/00000039.txt
txt/00000040.txt
txt/00000041.txt
txt/00000042.txt
txt/00000043.txt
txt/00000044.txt
txt/00000045.txt
txt/00000046.txt
txt/00000047.txt
txt/00000048.txt
txt/00000049.txt
txt/00000050.txt
txt/00000051.txt
txt/00000052.txt
txt/00000053.txt
txt/00000054.txt
txt/00000055.txt
txt/00000056.txt
txt/00000057.txt
txt/00000058.txt
txt/00000059.txt
txt/00000060.txt
</txt>
</opencv_storage>