<?xml version="1.0"?>
<opencv_storage>
<images>
images/dinoSR0001.png
images/dinoSR0002.png
images/dinoSR0003.png
images/dinoSR0004.png
images/dinoSR0005.png
images/dinoSR0006.png
images/dinoSR0007.png
images/dinoSR0008.png
images/dinoSR0009.png
images/dinoSR0010.png
images/dinoSR0011.png
images/dinoSR0012.png
images/dinoSR0013.png
images/dinoSR0014.png
images/dinoSR0015.png
images/dinoSR0016.png
</images>
<txt>
txt/00000000.txt
txt/00000001.txt
txt/00000002.txt
txt/00000003.txt
txt/00000004.txt
txt/00000005.txt
txt/00000006.txt
txt/00000007.txt
txt/00000008.txt
txt/00000009.txt
txt/00000010.txt
txt/00000011.txt
txt/00000012.txt
txt/00000013.txt
txt/00000014.txt
txt/00000015.txt
</txt>
</opencv_storage>