<?xml version="1.0"?>
<opencv_storage>
<calibration_Time>"02/28/13 13:08:13"</calibration_Time>
<nrOfFrames>6</nrOfFrames>
<image_Width>3264</image_Width>
<image_Height>2448</image_Height>
<board_Width>7</board_Width>
<board_Height>7</board_Height>
<square_Size>23.</square_Size>
<FixAspectRatio>1.</FixAspectRatio>
<!-- flags:  +fix_aspectRatio +fix_principal_point +zero_tangent_dist -->
<flagValue>14</flagValue>
<Camera_Matrix type_id="opencv-matrix">
  <rows>3</rows>
  <cols>3</cols>
  <dt>d</dt>
  <data>
    3.0587102567755642e+003 0. 1.6315000000000000e+003 0.
    3.0587102567755642e+003 1.2235000000000000e+003 0. 0. 1.</data></Camera_Matrix>
<Distortion_Coefficients type_id="opencv-matrix">
  <rows>5</rows>
  <cols>1</cols>
  <dt>d</dt>
  <data>
    2.9470590174855965e-001 -2.3605728723949526e+000 0. 0.
    6.0933952553635518e+000</data></Distortion_Coefficients>
<Avg_Reprojection_Error>2.5106592117206969e+000</Avg_Reprojection_Error>
<Per_View_Reprojection_Errors type_id="opencv-matrix">
  <rows>6</rows>
  <cols>1</cols>
  <dt>f</dt>
  <data>
    2.47883987e+000 1.92069721e+000 3.02644205e+000 2.95621586e+000
    1.66756749e+000 2.70321822e+000</data></Per_View_Reprojection_Errors>
<!-- a set of 6-tuples (rotation vector + translation vector) for each view -->
<Extrinsic_Parameters type_id="opencv-matrix">
  <rows>6</rows>
  <cols>6</cols>
  <dt>d</dt>
  <data>
    -2.0769285012568642e-001 1.7512870883724804e-001
    1.5478592864072827e+000 7.2774662025203185e+001
    -7.0038049341421612e+001 3.6170056765853798e+002
    -2.0935368733006221e-001 1.8887707369180898e-001
    1.5105097504357279e+000 7.6554266798257714e+001
    -7.7554076808087032e+001 3.6475674103638391e+002
    -1.7800149855346514e-001 -3.3652992929478549e-002
    1.8301675612832590e-002 -5.7417984146216803e+001
    -7.4371731042609525e+001 3.5273422196744451e+002
    -3.2197079767205661e-001 -5.1969506247884229e-003
    2.3618056999318401e-002 -6.2836714214992412e+001
    -7.1222212627773658e+001 3.4112484183858487e+002
    -2.6831931243156593e-001 1.6163381653209671e-002
    6.1024866526598012e-002 -5.6236718515326999e+001
    -7.5217831304091504e+001 3.3506211623628832e+002
    -4.9665165428824612e-002 -6.7214013768767095e-002
    1.0759293843474056e-002 -6.9502587206687124e+001
    -8.3957149497287389e+001 3.2577276897211317e+002</data></Extrinsic_Parameters>
<Image_points type_id="opencv-matrix">
  <rows>6</rows>
  <cols>49</cols>
  <dt>"2f"</dt>
  <data>
    2.25563159e+003 6.25637329e+002 2.26666919e+003 8.09933899e+002
    2.27888135e+003 9.99748840e+002 2.29155591e+003 1.19490649e+003
    2.30566382e+003 1.39516516e+003 2.32115186e+003 1.60431506e+003
    2.33784131e+003 1.82071973e+003 2.05935522e+003 6.27192566e+002
    2.06759009e+003 8.12311646e+002 2.07672656e+003 1.00229504e+003
    2.08628125e+003 1.19783496e+003 2.09620874e+003 1.39845337e+003
    2.10806348e+003 1.60732617e+003 2.12121240e+003 1.82436340e+003
    1.86333167e+003 6.28899597e+002 1.86872668e+003 8.15199402e+002
    1.87490771e+003 1.00549268e+003 1.88165771e+003 1.20044617e+003
    1.88836157e+003 1.40159546e+003 1.89645935e+003 1.61050745e+003
    1.90483350e+003 1.82829163e+003 1.66716406e+003 6.31069824e+002
    1.67021924e+003 8.16944214e+002 1.67353149e+003 1.00778912e+003
    1.67699072e+003 1.20336316e+003 1.68059448e+003 1.40450427e+003
    1.68455090e+003 1.61467517e+003 1.68864819e+003 1.83270374e+003
    1.47023535e+003 6.32796631e+002 1.47087708e+003 8.18498657e+002
    1.47107629e+003 1.01079993e+003 1.47143079e+003 1.20648035e+003
    1.47145007e+003 1.40813855e+003 1.47138306e+003 1.61919470e+003
    1.47127002e+003 1.83854248e+003 1.27055530e+003 6.32955811e+002
    1.26834460e+003 8.19232422e+002 1.26646851e+003 1.01300916e+003
    1.26270129e+003 1.20907214e+003 1.25947888e+003 1.41217834e+003
    1.25572803e+003 1.62469702e+003 1.25135889e+003 1.84447693e+003
    1.06886975e+003 6.31383423e+002 1.06381323e+003 8.18706238e+002
    1.05896423e+003 1.01422095e+003 1.05216992e+003 1.21182214e+003
    1.04537695e+003 1.41652686e+003 1.03850293e+003 1.63036951e+003
    1.03013196e+003 1.85086584e+003 2.28206958e+003 5.66038818e+002
    2.30133252e+003 7.47370544e+002 2.32213550e+003 9.34246887e+002
    2.34335498e+003 1.12648389e+003 2.36617749e+003 1.32386060e+003
    2.39062671e+003 1.53011145e+003 2.41667798e+003 1.74345972e+003
    2.08735010e+003 5.74949097e+002 2.10350391e+003 7.57114502e+002
    2.12084595e+003 9.44203369e+002 2.13895825e+003 1.13692725e+003
    2.15758911e+003 1.33470605e+003 2.17837622e+003 1.54056409e+003
    2.20031299e+003 1.75435254e+003 1.89271851e+003 5.84148987e+002
    1.90608899e+003 7.67407410e+002 1.92046570e+003 9.54899719e+002
    1.93543506e+003 1.14678882e+003 1.95089124e+003 1.34509216e+003
    1.96762524e+003 1.55097131e+003 1.98488953e+003 1.76545435e+003
    1.69844177e+003 5.93570007e+002 1.70952283e+003 7.76596985e+002
    1.72078198e+003 9.64710388e+002 1.73246741e+003 1.15727222e+003
    1.74453638e+003 1.35541748e+003 1.75713696e+003 1.56248596e+003
    1.77014014e+003 1.77731909e+003 1.50374231e+003 6.02912292e+002
    1.51193433e+003 7.85498901e+002 1.52047327e+003 9.75083252e+002
    1.52891467e+003 1.16766980e+003 1.53726917e+003 1.36626563e+003
    1.54589514e+003 1.57414734e+003 1.55449878e+003 1.79022412e+003
    1.30662695e+003 6.10569580e+002 1.31199988e+003 7.93677429e+002
    1.31807178e+003 9.84525208e+002 1.32254895e+003 1.17748047e+003
    1.32757080e+003 1.37739661e+003 1.33243323e+003 1.58712195e+003
    1.33673206e+003 1.80374280e+003 1.10782617e+003 6.16511597e+002
    1.11044775e+003 8.00864746e+002 1.11369800e+003 9.93116943e+002
    1.11497571e+003 1.18755664e+003 1.11645459e+003 1.38925317e+003
    1.11787781e+003 1600. 1.11791760e+003 1.81786536e+003
    1.12843640e+003 5.70014648e+002 1.33330725e+003 5.78543091e+002
    1.53611157e+003 5.85313599e+002 1.73578955e+003 5.90284119e+002
    1.93489844e+003 5.94983154e+002 2.13352979e+003 6.00043762e+002
    2.33189014e+003 6.05320007e+002 1.11902258e+003 7.64798645e+002
    1.32597559e+003 7.71961731e+002 1.53105127e+003 7.78273376e+002
    1.73245959e+003 7.83360168e+002 1.93284290e+003 7.88109375e+002
    2.13361841e+003 7.91924561e+002 2.33434912e+003 7.96222900e+002
    1.10989392e+003 9.65634216e+002 1.31901074e+003 9.71063599e+002
    1.52549023e+003 9.75806763e+002 1.72924292e+003 9.79599182e+002
    1.93175464e+003 9.83989258e+002 2.13471533e+003 9.87560059e+002
    2.33762012e+003 9.91560608e+002 1.09935144e+003 1.16719861e+003
    1.31090784e+003 1.17139343e+003 1.52024109e+003 1.17553967e+003
    1.72645618e+003 1.17901489e+003 1.93143140e+003 1.18267212e+003
    2.13602100e+003 1.18674548e+003 2.34135498e+003 1.19032190e+003
    1.08875964e+003 1.37406787e+003 1.30286609e+003 1.37654822e+003
    1.51489819e+003 1.37932166e+003 1.72368164e+003 1.38225684e+003
    1.93094885e+003 1.38576050e+003 2.13814746e+003 1.38928687e+003
    2.34659399e+003 1.39233020e+003 1.07822839e+003 1.58766187e+003
    1.29481042e+003 1.58920178e+003 1.50950256e+003 1.59054651e+003
    1.72133777e+003 1.59261609e+003 1.93176746e+003 1.59512280e+003
    2.14175464e+003 1.59839734e+003 2.35290625e+003 1.60192908e+003
    1.06644592e+003 1.80651611e+003 1.28612207e+003 1.80687012e+003
    1.50405176e+003 1.80768311e+003 1.71930420e+003 1.80898523e+003
    1.93291284e+003 1.81077881e+003 2.14647998e+003 1.81347351e+003
    2.36011401e+003 1.81638037e+003 1.06270093e+003 5.74244507e+002
    1.27373181e+003 5.83065247e+002 1.48341296e+003 5.89747375e+002
    1.69074841e+003 5.94581848e+002 1.89765784e+003 5.98810425e+002
    2.10508594e+003 6.03723511e+002 2.31299023e+003 6.09292053e+002
    1.04516052e+003 7.63697144e+002 1.26086768e+003 7.71518005e+002
    1.47496387e+003 7.78358765e+002 1.68634998e+003 7.83649841e+002
    1.89697083e+003 7.88964172e+002 2.10856079e+003 7.92837402e+002
    2.32122266e+003 7.97547546e+002 1.02759778e+003 9.63955200e+002
